DrawDem/Data/1.asc
ncols         133
nrows         133
xllcorner     118.859852887
yllcorner     42.8336750193
cellsize      0.00083333333333333
nodata_value  -9999.0
[rows 30 to 59 of 133, columns 0 to 66 of 133]
835.096 819.775 815.701 806.174 801.105 798.2 789.378 775.427 767.393 763.233 757.312 753.224 750.416 748.789 743.937 737.523 730.637 726.791 722.64 716.781 714.677 714.757 715.454 715.252 715.032 713.839 713.401 712.874 712.77 711.757 711.688 712.84 715.254 717.704 723.746 730.27 735.676 735.832 731.404 729.601 733.906 739.622 740.113 736.031 736.975 746.229 750.452 752.934 755.83 759.991 760.136 759.704 754.065 744.191 738.913 738.246 739.907 734.537 734.026 751.094 768.57 788.536 813.252 837.072 858.651 855.695 829.004
849.547 836.647 831.449 820.163 809.896 799.838 785.402 770.486 763.078 759.432 754.415 750.652 750.198 750.378 744.983 738.056 729.895 723.659 717.699 713.791 715.123 716.701 717.139 716.694 716.252 715.842 716.593 716.432 715.874 716.742 718.745 724.029 728.332 729.705 733.333 734.459 738.509 743.14 740.952 735.855 733.484 736.515 740.483 740.801 741.733 746.487 749.593 753.155 756.29 759.628 760.526 757.486 748.289 742.071 745.206 752.626 755.191 746.085 738.06 749.394 765.276 787.633 813.23 841.552 865.728 861.248 832.68
856.902 835.655 822.5 811.521 800.849 788.265 775.372 764.487 758.037 752.785 748.239 744.504 743.722 744.514 741.355 734.876 727.538 720.466 718.176 718.098 719.966 719.24 719.148 719.328 719.36 719.36 719.212 720.152 720.508 725.102 729.036 733.342 741.014 743.947 746.244 745.023 745.049 748.276 746.817 743.7 742.899 741.582 741.392 743.543 747.887 750.029 752.78 755.484 756.963 759.165 760.265 755.321 748.235 753.751 760.488 767.425 768.036 757.195 745.842 745.819 755.033 774.296 798.945 828.917 859.488 866.838 844.985
856.911 831.562 811.427 794.957 781.338 773.174 766.601 760.33 754.289 748.775 744.04 738.479 736.151 735.236 734.425 729.488 722.696 719.582 720.827 722.003 721.546 722.34 723.363 723.392 722.388 724.123 725.174 725.013 727.717 734.898 740.575 742.165 749.573 757.487 759.039 756.461 754.253 754.913 752.659 749.997 752.496 750.322 745.94 744.199 749.13 755.764 760.878 764.001 765.461 764.402 761.215 753.854 751.545 763.86 777.796 782.384 778.774 768.652 758.097 749.903 751.389 766.485 785.804 810.625 840.135 862.312 859.423
843.856 820.819 802.075 786.823 773.484 765.309 760.27 755.829 751.567 746.703 741.703 735.056 731.687 729.097 726.697 722.163 720.374 721.975 722.549 722.928 722.811 726.55 728.183 728.022 725.331 727.578 732.256 733.426 734.692 738.137 743.275 747.145 754.843 764.446 766.814 765.114 763.559 761.852 758.584 756.937 759.042 758.041 753.602 749.426 750.408 759.005 767.168 772.805 775.367 768.539 762.059 758.933 757.37 768.848 788.949 801.316 798.853 790.666 778.931 765.748 759.841 771.959 790.324 813.392 835.967 859.218 872.484
824.298 804.902 788.492 780.083 771.755 763.453 756.425 750.965 747.58 743.419 739.009 733.923 729.558 724.406 721.624 720.514 722.344 724.269 725.224 724.874 725.593 727.944 730.205 732.533 730.628 730.657 736.048 739.799 742.451 743.723 745.588 749.919 755.266 761.212 767.328 769.044 768.842 766.785 764.523 764.616 765.395 763.259 758.653 756.419 758.073 766.724 775.415 779.411 777.71 768.32 767.785 767.298 766.603 771.365 785.034 801.739 812.62 815.981 804.325 784.539 772.804 779.207 794.842 817.773 840.611 864.312 878.315
805.003 791.545 778.66 771.709 765.412 758.516 752.15 747.081 743.76 740.908 736.63 732.04 727.113 721.437 722.502 723.625 724.931 726.003 727.827 727.842 729.079 730.669 731.477 734.398 736.268 735.716 737.566 739.836 744.833 749.558 753.761 758.269 761.55 765.374 769.604 772.007 773.817 772.969 773.354 773.342 771.852 766.303 762.034 764.275 769.165 777.829 785.592 786.752 779.35 773.908 779.33 776.256 780.506 784.872 785.545 800.996 819.956 833.15 822.908 800.645 790.782 799.22 809.903 820.973 843.051 862.454 863.871
788.134 781.745 771.254 764.002 759.387 753.847 748.217 744.422 741.35 739.173 735.189 730.779 725.397 720.293 723.527 725.867 727.489 728.593 730.903 731.846 733.111 735.007 734.536 735.373 738.398 742.549 744.281 743.856 745.26 748.439 753.357 759.855 765.464 770.19 773.281 775.903 779.802 782.146 783.651 782.105 776.82 768.696 769.082 777.345 783.97 792.441 797.851 793.474 783.302 783.451 789.516 784.956 791.954 804.005 801.417 808.114 824.444 843.005 843.188 828.924 820.772 826.171 832.7 831.898 842.022 849.641 841.098
778.255 775.062 768.951 765.258 760.792 755.347 749.905 745.022 740.252 737.277 734.012 730.602 726.517 722.138 723.048 726.366 728.161 729.719 732.47 735.281 736.593 737.931 738.328 738.36 739.373 743.263 749.098 752.42 752.562 752.827 752.793 756.929 762.127 768.139 772.524 777.644 785.622 790.424 791.467 787.126 778.135 774.829 778.945 789.781 802.185 811.315 811.383 801.388 794.138 799.576 802.52 794.17 798.601 815.406 821.89 827.617 840.755 854.654 864.746 861.852 850.405 843.828 841.187 833.45 830.643 830.084 822.716
775.252 770.482 766.684 765.227 762.053 757.441 751.987 745.573 739.955 736.044 734.397 731.224 726.662 722.526 724.249 727.092 728.899 730.341 733.546 736.502 738.795 740.003 741.489 742.256 742.36 742.549 748.058 754.657 760.192 762.587 762.859 765.32 767.686 772.872 777.194 781.721 789.655 794.96 796.256 791.081 780.892 783.364 792.314 801.968 818.64 834.753 831.459 817.511 812.815 820.624 822.538 808.949 809.027 827.111 842.971 857.353 870.098 872.075 873.99 872.615 864.885 854.252 847.517 839.861 833.013 825.83 817.656
772.803 767.671 764.012 760.643 757.917 753.68 749.387 743.362 739.084 735.602 733.057 729.832 725.747 724.621 727.2 729.417 731.417 733.565 736.758 739.007 741.83 743.183 745.007 746.669 747.922 747.306 746.875 750.641 758.871 765.36 770.972 775.878 779.972 784.787 788.964 791.168 795.797 798.894 801.641 797.675 786.204 786.799 798.115 808.455 825.34 847.34 852.694 841.896 836.415 848.357 849.939 831.139 827.835 849.011 871.257 889.882 896.139 890.401 892.685 893.428 883.81 869.776 866.493 860.427 849.994 837.028 824.978
771.027 765.249 761.76 757.113 754.245 751.16 747.634 742.545 738.634 735.044 730.145 726.76 725.217 727.619 730.799 733.493 735.597 738.906 741.524 744.083 747.496 747.982 750.083 753.158 755.367 755.868 753.092 751.074 752.837 757.925 765.508 774.29 782.754 789.805 792.351 792.492 797.211 801.969 806.064 804.596 793.087 788.628 799.371 812.771 825.58 843.697 861.313 868.905 866.734 876.847 875.232 854.289 849.979 874.008 902.323 923.569 926.87 917.475 919.183 924.056 908.016 893.306 895.977 885.613 864.829 846.119 829.816
769.009 763.437 757.996 753.904 751.583 749.097 745.832 742.084 738.602 734.22 728.469 726.883 728.227 730.862 732.71 735.47 739.104 743.55 744.549 747.06 751.37 752.814 755.906 760.805 763.853 764.647 762.249 760.517 757.641 756.973 759.165 763.84 772.003 779.176 781.352 780.737 786.325 792.839 798.236 801.242 798.758 793.527 800.668 815.734 830.374 847.047 868.534 886.489 891.878 903.201 902.522 885.517 877.151 889.639 916.61 942.949 962.402 958.295 947.012 942.92 926.951 919.906 923.606 906.346 875.982 851.897 837.986
764.826 761.009 754.952 750.378 747.993 745.17 742.17 740.141 736.864 732.599 730.766 730.878 732.934 734.521 735.256 736.373 739.25 743.937 745.94 749.136 753.887 755.931 759.474 764.635 769.032 772.199 771.707 772.313 771.139 768.865 766.159 764.064 765.935 767.95 769.927 773.343 775.878 779.763 786.423 794.722 800.644 801.022 802.777 810.377 824.799 842.869 859.894 871.981 885.049 901.578 910.737 911.654 911.108 917.259 935.826 961.457 993.292 999.027 982.054 964.692 953.918 957.097 951.865 926.532 891.597 868.361 860.105
756.75 754.188 749.721 746.21 743.021 739.018 736.296 735.047 734.491 732.574 732.855 733.972 735.341 737.871 739.183 740.817 740.833 743.43 745.013 748.038 751.786 755.227 760.086 764.631 769.527 774.527 778.811 782.307 783.871 782.919 780.347 777.527 776.206 771.805 770.603 778.247 781.991 780.538 782.831 792.954 802.708 808.288 808.792 810.704 816.828 824.951 833.735 843.494 861.045 876.338 892.362 906.738 916.085 932.407 955.567 985.294 1017.142 1030.952 1020.751 1005.903 998.18 995.121 975.546 942.66 912.337 898.167 890.516
749.302 747.299 743.756 741.403 738.242 733.523 733.422 734.224 735.035 734.842 734.77 735.931 737.489 740.092 741.899 745.136 747.038 749.443 749.414 749.837 750.963 754.326 757.026 760.268 765.473 773.492 780.278 786.499 792.152 794.25 794.3 791.641 789.285 780.855 777.483 786.674 794.78 790.653 785.603 791.737 802.288 813.057 816.893 817.985 821.72 822.342 823.85 829.203 840.92 851.625 866.31 881.76 897.088 922.32 952.826 988.123 1023.101 1050.961 1057.101 1047.727 1036.97 1022.65 993.67 962.906 946.015 935.693 923.683
744.977 742.435 739.728 737.097 734.17 733.895 736.42 737.625 736.798 737.076 738.152 738.698 741.388 743.111 743.064 746.294 750.78 755.032 756.89 757.764 757.9 761.342 760.622 761.323 763.566 771.115 780.01 789.298 797.538 802.878 804.057 800.35 795.126 788.523 787.12 790.16 799.203 796.693 792.583 799.755 810.498 822.025 826.402 827.386 833.402 835.79 833.749 831.506 839.175 847.825 853.551 864.383 884.585 911.369 940.202 975.798 1015.079 1051.407 1064.953 1061.635 1055.715 1041.791 1019.777 1002.012 993.81 977.939 959.512
742.558 738.864 735.612 733.551 733.675 737.064 739.755 740.18 738.533 738.518 740.237 743.019 747.32 748.467 746.893 746.433 750.042 755.909 761.9 766.054 766.72 768.894 769.319 770.281 769.518 769.73 778.392 791.232 802.121 808.405 809.36 806.214 800.261 800.208 801.263 795.906 801.835 799.58 799.89 813.898 829.794 841.29 843.835 842.374 847.16 851.216 847.584 842.067 849.166 860.888 865.121 867.003 881.243 905.978 932.388 964.118 1003.682 1035.707 1053.438 1057.706 1058.198 1054.961 1044.971 1030.372 1018.357 1006.989 1000.804
741.779 737.22 734.574 735.786 737.629 739.786 741.827 741.694 739.943 740.562 742.903 746.991 751.401 753.152 752.685 750.069 750.405 753.925 760.742 767.625 770.278 774.328 776.291 777.701 776.789 771.789 778.519 792.046 801.557 808.139 811.659 811.167 809.41 813.683 814.036 808.094 809.213 804.145 805.906 823.009 843.643 860.255 865.459 862.686 865.611 869.683 863.505 856.603 858.964 871.586 888.449 893.084 895.042 907.569 929.161 958.906 1000.115 1037.925 1056.972 1055.676 1051.271 1049.094 1046.089 1033.265 1014.887 1006.273 1011.549
740.214 737.16 735.767 738.884 740.899 741.518 743.237 742.281 739.867 742.514 746.622 749.682 753.474 756.799 757.36 757.319 756.486 756.499 756.96 762.666 768.77 776.556 782.224 784.925 784.486 778.546 779.377 786.49 791.404 799.372 808.438 814.423 820.556 826.61 829.909 825.786 821.399 814.082 812.563 826.58 849.164 875.321 889.005 888.607 890.917 894.813 884.856 877.777 875.144 880.498 901.672 923.036 925.011 928.956 947.172 973.344 1005.499 1044.677 1062.188 1057.295 1048.211 1040.044 1031.353 1019.909 1002.103 985.837 985.624
737.892 737.631 737.252 739.988 743.209 744.256 745.035 743.533 741.681 744.506 747.84 751.514 754.988 758.398 759.972 762.313 763.89 763.306 759.836 760.67 764.673 772.385 781.915 789.025 792.757 789.975 787.613 788.124 787.865 791.146 800.294 810.483 824.887 840.79 850.504 844.61 836.294 825.833 817.543 826.589 850.864 877.568 895.604 906.53 915.588 921.425 910.473 904.298 900.711 899.327 906.925 931.688 948.786 959.542 980.039 1005.28 1027.015 1049.359 1058.721 1057.507 1050.709 1042.097 1029.645 1017.914 1001.901 978.692 960.419
740.54 740.392 740.36 741.373 745.37 746.518 746.59 743.971 743.072 748.871 753.234 755.588 757.934 759.373 760.265 762.88 765.88 768.016 767.981 767.076 766.118 767.679 774.679 783.997 793.546 797.956 798.836 798.562 797.477 794.345 794.815 804.594 824.715 848.987 865.481 863.88 850.71 835.431 826.577 829.46 844.186 858.803 877.243 901.313 923.733 940.304 938.788 935.071 929.084 924.973 922.396 935.131 959.994 984.022 1009.866 1035.295 1056.515 1068.048 1069.453 1069.39 1058.133 1050.59 1042.523 1032.457 1014.677 987.569 957.004
743.104 742.662 743.076 744.152 747.991 749.256 748.388 745.372 745.256 753.595 759.963 762.893 764.957 764.338 763.158 763.477 765.575 770.266 773.313 773.918 773.909 771.767 770.421 775.064 786.953 797.474 804.278 807.789 810.739 806.805 800.612 802.084 818.031 841.769 858.544 867.664 863.121 847.851 842.19 843.901 848.4 850.018 860.185 883.633 910.286 932.165 944.923 953.145 956.309 954.863 950.69 951.461 964.168 991.524 1020.363 1043.716 1060.412 1068.766 1069.781 1070.226 1062.943 1061.615 1054.786 1039.245 1016.508 990.977 965.551
744.357 743.694 745.385 748.388 750.3 751.899 751.99 749.965 748.42 753.5 761.038 768.133 771.979 771.379 771.426 770.666 769.222 771.462 774.956 778.843 782.158 781.707 778.006 775.358 780.648 790.78 801.073 810.874 818.165 818.158 811.798 807.048 811.86 825.526 838.906 857.101 872.022 868.75 864.901 869.091 872.242 867.948 867.012 875.281 890.687 909.108 929.682 950.105 968.726 979.871 986.197 982.29 981.322 994.384 1008.429 1015.502 1022.644 1034.246 1039.704 1044.625 1053.115 1057.063 1054.184 1044.575 1026.118 1006.545 985.668
744.482 745.044 747.65 751.474 752.666 753.931 754.518 753.915 752.757 752.433 758.85 768.127 775.543 777.89 780.748 780.972 778.578 777.932 777.793 781.253 786.751 790.199 788.735 784.826 781.354 783.661 792.367 805.777 816.811 821.893 820.712 817.164 813.912 814.941 824.528 845.45 869.907 884.482 889.206 897.943 902.656 898.011 895.529 897.52 898.956 907.18 929.297 954.89 979.689 1001.429 1023.152 1018.964 1006.172 991.251 976.456 964.4 968.918 987.235 995.802 1003.935 1019.45 1026.041 1030.698 1043.635 1046.172 1034.104 1010.488
746.95 748.597 750.449 753.092 753.928 755.309 756.562 757.256 757.846 755.965 757.903 765.673 774.155 780.054 785.266 787.637 787.76 787.382 784.354 784.247 788.667 793.707 796.344 796.193 790.801 785.931 787.197 796.105 806.344 813.577 817.021 819.898 821.299 819.019 820.409 835.387 858.949 876.251 883.665 896 903.182 902.66 907.189 916.868 923.833 927.252 942.844 964.912 992.451 1022.597 1041.806 1037.169 1012.269 981.119 950.848 929.47 924.539 939.76 949.489 958.758 971.535 980.309 994.099 1025.31 1043.404 1035.265 1018.172
751.36 752.521 753.593 755.903 756.36 757.521 759.417 761.565 760.83 759.915 759.77 763.443 770.818 777.994 784.171 788.672 792.663 794.332 793.189 792.562 792.869 796.096 800.887 804.051 801.057 795.031 791.281 792.112 797.392 803.739 807.678 812.587 819.909 825.125 825.909 831.598 843.353 851.12 856.566 866.918 873.733 878.013 886.945 900.091 915.031 927.131 939.855 960.563 991.495 1016.385 1021.576 1024.454 1012.569 990.013 956.969 931.712 909.183 901.402 905.077 915.247 922.878 940.733 965.628 992.451 1013.163 1007.333 994.835
757.13 757.467 757.392 760.802 762.026 761.496 763.007 763.401 761.911 761.59 761.59 763.237 769.206 775.203 781.171 787.319 790.922 795.536 799.811 801.997 802.606 803.683 807.531 811.118 809.735 803.397 801.751 801.48 800.361 805.071 812.001 813.639 816.273 822.626 830.375 834.874 840.143 843.6 847.613 853.342 856.584 861.991 872.256 887.364 905.299 921.419 937.8 959.511 976.963 981.504 976.138 986.884 993.634 994.769 976.012 947.844 914.227 889.083 876.782 879.072 887.607 914.737 936.645 953.05 974.075 975.586 959.17
762.637 763.436 761.259 763.916 766.385 766.095 767.597 765.817 765.022 764.95 763.978 764.445 769.045 775.089 781.121 786.487 788.719 793.307 799.508 804.082 808.41 811.123 814.834 818.496 818.455 812.694 814.108 815.007 810.962 811.62 819.213 823.981 824.818 825.08 829.182 835.139 846.029 853.029 858.493 863.219 865.825 869.693 875.463 886.99 907.157 927.873 951.994 969.162 963.048 947.127 932.823 942.457 953.761 970.223 974.306 958.996 929.574 900.626 876.087 861.212 862.338 885.872 900.494 918.482 941.802 942.859 922.26
765.789 767.871 767.009 767.733 769.449 770.742 772.597 771.937 771.234 770.644 767.435 765.798 769.221 776.25 781.559 785.218 787.953 790.732 796.171 800.862 805.609 811.697 816.6 820.218 821.792 821.917 823.736 824.616 822.546 820.77 823.677 830.948 834.155 835.47 834.212 835.777 843.526 856.546 868.165 873.761 878.954 886.743 891.8 895.122 907.808 931.482 956.966 973.433 964.537 942.317 917.279 909.436 916.311 935.234 944.112 943.64 935.79 911.419 884.306 861.909 848.224 855.661 867.255 886.297 909.07 908.526 886.944
