DrawDem/Data/1.asc
ncols         133
nrows         133
xllcorner     118.859852887
yllcorner     42.8336750193
cellsize      0.00083333333333333
nodata_value  -9999.0
[rows 0 to 29 of 133, columns 0 to 66 of 133]
901.039 886.238 869.302 854.337 838.298 819.089 806.342 797.286 789.561 785.126 782.138 778.009 774.76 770.45 766.832 762.409 760.281 758.921 764.306 770.262 770.753 767.157 767.275 773.076 780.868 789.881 799.407 805.852 808.707 824.178 842.125 847.282 852.166 852.108 833.692 812.078 790.946 773.569 769.52 770.252 765.816 760.217 762.524 768.023 773.695 775.028 768.216 763.932 770.807 788.879 807.315 817.518 814.821 799.057 780.372 767.654 759.052 752.362 747.895 743.548 737.343 731.618 728.359 727.681 725.17 722.021 719.138
885.506 872.106 858.257 847.672 833.527 817.653 807.071 797.999 788.661 784.826 783.685 783.161 780.609 774.991 769.486 765.584 762.331 757.167 756.748 762.634 765.665 764.551 762.435 767.477 776.199 782.95 789.856 793.95 798.299 814.787 826.616 821.695 826.311 825.181 809.838 796.548 784.079 769.815 763.302 762.164 760.264 756.873 759.524 761.918 763.145 764.788 758.323 754.886 767.446 785.242 792.215 793.885 798.591 791.243 774.152 759.869 753.352 748.005 746.375 744.394 739.693 732.668 728.066 725.754 720.996 717.728 715.097
858.097 841.469 829.58 832.824 831.96 824.87 814.571 802.829 791.365 783.678 783.918 787.82 788.063 782.671 774.318 768.504 763.81 757.573 754.425 758.307 760.729 760.227 758.551 763.994 772.493 777.196 780.53 783.867 789.253 799.421 803.258 801.108 807 802.32 787.656 778.837 774.859 768.433 761.753 756.028 754.227 752.889 755.934 756.64 754.359 756.341 749.163 750.236 762.876 771.686 770.888 776.409 787.382 782.576 765.454 750.72 745.324 742.516 740.593 739.943 736.09 731.459 728.318 724.04 718.923 715.867 711.968
828.394 816.586 805.628 812.89 819.93 824.528 817.342 803.14 790.727 778.61 778.445 783.811 786.665 783.567 776.043 768.678 763.293 757.617 753 753.581 754.208 754.428 756.066 763.632 769.824 771.833 773.697 777.682 781.12 785.511 787.936 792.019 792.754 783.872 770.59 766.61 768.709 765.788 759.286 753.406 749.643 748.227 751.83 752.64 749.346 749.167 742.165 746.404 755.916 755.599 755.595 769.31 780.02 773.456 757.988 742.888 736.015 735.734 733.886 733.946 730.904 727.76 723.64 720.21 717.318 714.835 711.264
812.192 802.002 792.837 792.861 797.507 806.665 804.758 795.167 785.68 774.317 771.448 775.735 780.132 780.343 775.923 768.898 762.501 755.835 748.242 748.813 754.088 756.439 760.985 768.677 771.48 767.883 767.24 770.088 773.795 779.845 785.266 787.572 781.81 770.629 758.291 757.41 762.293 760.135 754.182 749.756 745.904 744.407 748.347 748.744 745.346 744.302 739.923 741.363 748.458 746.239 750.845 762.302 765.416 762.234 752.559 740.38 731.782 729.142 727.223 726.236 725.573 723.961 720.157 717.277 714.201 712.479 709.76
811.298 800.27 791.772 784.489 781.666 786.164 788.954 785.509 779.074 771.241 766.378 766.357 770.628 774.277 772.548 768.229 760.674 752.642 744.791 746.704 755.159 757.495 761.123 766.663 768.662 766.169 761.852 762.549 766.987 773.338 776.05 774.248 768.323 760.67 750.37 750.593 757.934 757.911 751.192 747.012 742.968 740.921 743.786 744.608 740.375 739.46 737.624 734.801 740.382 739.854 742.499 746.823 747.569 748.532 745.068 737.989 729.715 724.936 722.097 719.507 718.902 717.561 714.81 714.239 711.422 709.025 706.17
800.909 791.042 785.708 782.03 775.983 772.432 776.038 777.851 775.053 769.955 763.911 759.716 759.767 763.552 765.598 763.886 757.992 750.718 743.646 744.732 752.641 754.716 756.319 758.814 761.413 763.328 759.333 757.29 761.167 766.653 765.845 761.532 756.573 753.03 745.197 746.11 756.332 758.072 752.046 746.356 740.321 737.097 738.625 740.359 737.157 734.467 734.684 730.217 731.108 731.658 730.233 733.51 739.814 741.189 739.097 735.643 729.384 723.914 720.53 718.015 715.309 711.23 707.504 709.003 708.933 705.864 701.788
784.997 776.995 776.778 778.845 774.437 766.674 765.461 770.747 772.652 767.731 761.847 757.674 754.381 754.685 756.221 757.292 754.314 748.847 742.056 742.467 750.231 752.643 753.158 752.596 753.473 757.132 756.034 753.17 756.272 762.963 763.703 759.621 752.709 746.362 740.15 743.95 757.648 761.332 755.142 745.577 738.542 734.454 734.01 735.211 734.447 731.422 731.01 729.024 726.309 724.7 723.933 726.818 736.181 737.227 735.066 735.422 731.621 725.829 720.842 717.867 715.088 710.621 705.99 705.221 704.596 702.624 699.57
773.835 769.046 770.858 775.388 774.056 765.207 758.996 764.152 768.416 764.258 759.599 756.35 753.012 750.615 748.773 749.959 748.781 745.8 741.409 740.294 745.212 747.589 748.356 746.813 747.432 750.786 750.151 748.857 750.477 757.458 761.151 759.318 752.38 743.103 735.835 745.114 761.359 768.436 761.413 749.838 740.836 734.609 731.309 730.186 729.564 727.961 726.331 726.05 724.214 718.921 718.208 721.385 727.707 729.068 727.939 731.618 731.595 726.955 721.545 716.662 713.687 709.936 706.57 703.867 700.791 698.921 698.451
763.51 761.674 765.694 770.123 769.075 763.033 756.542 756.802 762.337 760.8 756.45 753.17 750.656 748.731 745.94 744.776 744.302 742.583 740.245 737.687 737.609 740.309 741.694 740.709 741.621 744.826 742.842 744.224 747.893 750.319 752.527 752.731 748.383 740.197 733.51 745.585 763.381 773.326 769.45 757.942 745.542 737.596 731.609 727.486 724.539 723.712 722.479 721.258 720.712 715.51 712.467 714.224 718.47 721.075 721.122 725.019 731.066 730.492 724.069 717.829 712.356 707.63 705.659 702.94 699.602 696.867 696.748
753.794 753.838 758.663 761.675 760.116 758.34 755.538 750.924 753.237 753.731 750.545 747.886 745.813 744.637 742.961 741.965 740.848 739.965 739.631 739.063 736.817 735.767 735.006 734.047 734.694 737.192 736.34 740.316 742.77 741.939 741.056 742.715 742.235 736.92 730.731 738.443 753.061 762.716 762.364 755.152 744.105 736.286 730.743 728.618 727.009 724.776 721.593 717.896 716.258 712.904 709.908 708.29 709.253 712.466 715.044 720.697 731.512 732.133 723.437 715.728 710.153 705.599 703.997 701.835 699.425 696.53 695.514
746.047 747.179 749.148 750.186 750.627 751.662 751.533 748.611 745.423 746.179 744.961 742.993 739.536 737.075 738.296 738.64 737.479 736.258 737.359 739.435 740.265 738.523 734.054 730.413 729.672 729.83 730.842 734.533 733.485 732.277 729.967 731.009 732.64 732.204 727.743 728.212 737.758 746.328 747.888 743.317 736.039 730.383 727.624 729.511 730.972 727.886 723.548 719.138 716.713 714.375 712.303 708.994 705.593 704.893 707.678 717.297 727.992 724.971 716.805 710.15 706.242 702.346 699.845 697.813 696.785 695.141 693.511
741.892 742.495 741.183 741.356 741.164 743.719 746.224 745.331 740.109 740.211 740.608 739.479 736.084 733.425 733.865 733.564 733.608 732.965 733.981 734.757 737.826 740.552 738.151 732.451 730.051 727.489 725.732 726.473 725.677 724.637 721.99 720.826 721.365 722.671 722.541 720.813 725.78 731.565 734.841 732.333 728.207 725.138 724.302 726.552 727.725 725.548 723.7 720.116 718.249 716.839 715.915 713.448 708.833 704.508 701.382 709.146 717.846 715.658 709.106 704.239 701.961 698.832 695.76 693.583 693.23 692.407 690.097
738.744 738.64 737.627 738.233 737.249 738.836 741.066 740.299 736.081 735.082 738.303 737.691 734.454 732.659 730.615 728.921 728.978 729.536 729.492 728.637 729.811 735.675 737.504 734.791 733.019 729.476 726.448 725.464 723.902 722.767 722.549 719.921 717.902 715.984 716.315 716.271 718.066 720.782 722.631 723.217 721.781 719.327 719.356 721.593 721.564 720.299 719.078 715.576 714.047 713.047 712.87 712.195 710.848 706.958 700.902 700.042 703.773 704.857 701.585 699.034 698.788 696.835 694.425 692.353 691.514 690.587 688.911
735.997 735.82 737.278 736.47 734.921 735.464 735.492 733.665 732.415 730.435 732.562 733.882 732.214 730.997 728.835 726.763 725.924 726.643 725.997 724.997 724.334 727.903 729.365 729.658 729.838 728.52 728.041 727.662 727.063 726.126 727.111 724.552 720.994 716.58 714.798 713.47 713.082 714.211 714.46 714.65 714.353 713.267 714.359 715.653 715.047 714.533 712.813 709.652 708.227 706.741 705.974 705.384 706.104 704.444 700.081 696.084 695.114 695.24 695.577 696.274 695.776 694.479 692.583 690.583 688.921 688.788 688.482
738.751 735.521 735.527 734.627 732.763 731.776 730.331 727.58 726.902 724.886 724.312 725.293 725.658 726.324 725.299 725.346 725.558 725.442 724.587 723.587 722.587 723.085 723.23 723.082 723.388 723.46 724.284 724.46 726.255 727.76 728.338 727.397 724.858 721.214 717.435 713.814 711.871 711.442 709.467 707.255 707.356 707.946 709.211 709.946 709.227 708.078 705.737 703.781 702.637 701.785 700.331 699.712 699.492 698.151 696.52 696.189 695.99 692.211 691.599 692.801 691.403 690.712 689.479 688.555 686.763 687.233 686.924
742.902 738.624 738.584 736.776 735.199 732.331 731.095 728.479 724.697 723.325 722.842 721.798 720.956 720.524 720.122 719.754 720.514 721.324 721.122 721.198 721.864 721.514 720.438 720.378 720.41 719.438 718.596 718.46 720.445 722.369 722.204 722.586 722.987 721.551 718.084 714.602 713.325 712.357 709.858 706.89 705.24 704.366 704.082 704.874 703.255 703.167 701.731 700.101 698.997 698.82 697.173 696.334 695.892 694.173 692.363 692.725 693.694 691.021 688.129 687.492 686.785 687.612 687.968 688 685.867 684.29 683.712
750.237 746.534 746.575 743.426 740.925 738.703 738.31 735.354 729.293 727.158 727.436 726.379 723.025 719.741 719.18 719.476 718.906 717.988 717.334 718.054 719.877 719.407 718.069 718.643 719.306 717.763 715.277 714.82 715.01 714.902 714.533 714.798 716.031 714.971 713.191 712.343 712.716 711.511 710.069 708.807 706.12 703.457 701.691 700.29 699.037 700.467 700.968 698.867 697.587 696.438 695.555 695.072 695 692.867 689.454 687.848 687.978 688.684 686.984 686.252 684.722 686.543 686.852 686.334 685.703 684.577 683.874
758.868 756.293 753.956 749.76 746.479 745.126 746.893 744.016 738.031 733.795 731.038 729.767 726.444 724.905 723.262 723.625 723.095 720.479 716.211 715.748 716.01 716.198 716.864 717.338 717.262 717.041 715.015 714.59 714.252 713.357 711.722 710.438 711.054 709.583 707.921 708.464 708.492 707.785 707.302 706.744 705.627 702.94 701.735 699.12 698.59 699.265 698.776 697.627 696.587 694.763 693.438 692.744 692.154 689.58 687.7 688.192 688.846 689.625 688.946 688.284 687.167 688.934 688.051 687.432 687.212 686.208 685.177
769.067 763.855 759.17 754.243 749.432 749.224 753.14 751.628 745.703 739.451 734.728 732.155 729.785 728.726 726.12 725.59 725.104 723.501 719.359 717.568 715.079 714.442 714.599 714.154 715.17 716.719 715.353 714.028 713.82 713.482 712.883 710.637 709.546 709.221 707.047 706.442 705.587 705.41 705.41 704.101 703.334 702.703 702.104 699.53 699.486 699.104 697.353 696.514 695.587 694.249 691.381 690.482 690.558 689.577 689.36 690.859 692.489 692.77 691.946 690.946 691.742 691.654 690.429 690.666 689.461 687.047 685.767
778.12 768.98 762.757 756.195 752.003 754.95 756.922 754.076 748.132 742.207 738.372 736.757 736.35 733.205 730.555 728.187 725.489 724.177 722.987 720.637 717.372 715.946 714.946 713.461 713.221 714.391 713.965 713.145 712.514 711.438 712.054 711.703 709.457 708.852 706.835 705.101 704.968 704.028 703.334 703.526 702.281 700.88 699.817 697.656 698.054 696.435 695.375 694.407 692.921 692.788 692.927 692.95 693.288 692.874 692.284 692.032 693.161 694.382 693.767 693.252 693.855 693.325 692.842 693.593 694.066 691.174 690.202
781.671 770.28 763.955 760.299 758.559 758.878 756.719 752.113 746.775 743.646 741.681 743.789 747.077 743.552 740.051 735.224 731.016 729 730.663 728.123 720.647 717.385 716.662 715.429 713.533 712.06 710.363 710.05 710.198 709.555 709.262 709.082 707.066 705.331 704.375 703.555 703.748 701.201 698.845 699.135 698.605 696.476 696.684 695.659 694.776 693.141 693.306 694.044 693.505 694.183 695.373 695.59 695.104 694.177 693.662 693.252 694.003 695.341 695.738 696.256 695.388 695.666 696.742 699.717 700.499 702.59 707.402
779.505 769.525 767.283 767.13 763.391 758.662 754.526 749.217 745.084 746.502 749.041 751.178 755.171 752.318 748.246 743.571 739.912 737.663 741.089 739.092 728.122 720.514 718.388 716.385 714.839 714.063 711.479 710.95 710.802 709.798 709.738 709.432 707.713 706.199 704.978 703.312 702.028 699.498 697.501 698.152 698.36 698.17 698.805 698.126 695.817 694.051 694.593 694.959 695.972 696.518 696.104 696 696.148 695.357 695.666 697.713 698.953 699.953 700.953 700.982 699.789 701.821 704.443 707.074 707.688 717.857 730.842
776.641 771.561 771.139 768.265 762.847 757.365 752.145 747.747 748.416 754.78 760.683 762.156 760.695 757.066 752.094 748.858 745.404 744.095 747.581 746.375 737.674 728.003 722.72 719.479 716.669 716.032 714.015 714.076 713.357 712.505 711.726 710.618 708.763 706.129 703.993 703.113 703.782 702.789 701.716 702.215 702.36 702.212 701.694 701.738 699.785 699.17 700.439 698.925 698.729 698.77 698.918 700.893 703.591 704.714 706.159 708.276 708.036 707.266 706.982 704.669 702.871 709.285 715.133 717.389 715.578 722.961 739.759
777.677 776.508 773.773 766.296 761.674 758.826 753.905 751.451 758.162 767.081 771.181 771.086 765.523 761.066 756.391 752.921 750.038 749.054 751.272 751.095 745.82 737.457 732.902 730.275 725.584 721.903 718.691 716.524 714.871 714.104 712.839 710.943 705.542 702.138 703.88 706.641 708.143 707.536 708.48 708.234 708.13 706.821 705.231 705.288 706.142 706.162 707.291 707.013 706.562 706.976 707.417 708.84 712.424 715.748 719.9 721.007 717.975 714.205 711.745 709.038 705.435 714.8 726.115 730.698 727.628 729.024 744.502
783.29 780.143 775.473 771.699 766.666 761.981 756.091 758.549 768.854 776.853 775.553 771.41 766.819 762.706 758.706 755.192 753.915 754.89 755.319 753.417 748.883 742.384 739.533 738.505 732.933 727.653 722.99 718.4 715.457 714.177 712.205 709.201 703.658 702.886 707.891 710.786 711.18 711.328 714.316 714.126 713.464 712.685 712.836 712.9 713.913 712.821 712.392 714.641 717.559 720.361 721.335 720.468 721.124 725.575 731.431 730.546 726.498 722.088 716.41 711.284 708.722 718.093 731.223 740.77 739.988 741.285 759.069
789.893 784.599 779.908 778.496 772.11 764.034 759.741 768.633 778.122 781.26 774.22 767.699 762.226 758.472 754.576 752.857 753.612 756.29 755.511 750.479 745.829 741.081 737.612 735.593 730.488 725.343 720.829 717.876 715.425 714.177 711.53 706.734 703.984 707.666 711.052 713.385 714.256 715.183 720.597 722.84 722.742 721.698 721.679 721.234 720.644 717.921 717.022 720.244 727.01 733.547 735.007 732.947 730.695 733.307 738.405 737.523 733.836 725.949 717.336 714.914 718.606 727.04 740.346 750.788 751.329 754.036 772.004
802.209 795.041 786.975 781.464 774.488 766.74 765.994 774.743 781.383 780.129 770.096 761.652 755.002 750.914 747.472 746.87 748.031 748.807 747.273 742.614 738.882 734.986 731.472 728.4 724.239 720.314 717.804 716.587 715.735 714.281 712.987 706.857 705.738 711.048 712.518 716.032 718.565 718.316 725.253 731.184 732.616 731.073 729.411 727.335 725.155 721.476 722.227 726.32 734.055 741.156 745.761 744.505 741.123 740.679 742.894 741.565 733.514 723.446 722.002 727.465 733.75 740.952 756.069 769.99 770.544 771.996 780.262
815.896 803.574 789.873 781.646 776.589 772.921 772.985 773.888 774.767 770.655 762.288 755.222 748.623 744.166 741.961 740.183 739.722 737.895 736.835 734.368 731.4 728.062 725.476 723.066 720.318 718.321 716.691 715.587 715.41 714.249 712.543 707.1 707.795 711.177 715.221 722.496 725.884 722.234 725.37 734.423 738.947 738.379 735.997 732.584 728.508 726.419 729.572 734.427 739.954 745.405 752.124 753.17 750.322 748.411 747.01 740.899 728.935 722.144 730.345 742.15 751.292 760.507 773.095 789.924 800.276 798.28 791.731
825.507 807.349 796.349 788.905 785.685 785.894 783.115 774.823 769.59 763.879 757.056 752.674 747.207 743.858 740.593 736.072 732.949 730.476 729.078 725.766 722.63 720.116 718.529 717.119 716.681 715.331 713.403 712.712 712.64 710.845 708.961 706.466 709.442 712.313 719.02 728.595 732.979 727.29 724.682 731.377 738.931 741.836 739.71 734.914 732.798 736.912 741.481 745.405 748.888 753.607 757.339 759.259 756.098 751.284 743.081 734.733 729.863 726.174 732.696 747.216 762.459 780.018 798.732 814.938 833.156 831.825 814.928
