DrawDem/Data/1.asc
ncols         133
nrows         133
xllcorner     118.859852887
yllcorner     42.8336750193
cellsize      0.00083333333333333
nodata_value  -9999.0
[rows 90 to 119 of 133, columns 0 to 66 of 133]
803.708 795.431 789.702 786.744 785.297 783.919 786.964 789.802 787.493 781.135 773.312 766.177 759.671 755.139 752.911 751.618 751.748 752.306 752.262 752.905 752.564 750.624 754.347 757.404 758.208 759.696 765.427 770.6 774.943 779.47 784.925 791.009 798.095 804.09 807.933 803.895 794.558 788.546 787.154 788.359 789.464 793.42 798.199 800.211 800.798 799.857 797.845 795.854 798.952 795.614 790.244 793.504 804.398 815.219 823.857 831.98 843.671 853.323 862.9 879.729 902.206 923.854 915.193 882.359 867.318 884.651 910.212
802.015 800.35 798.613 796.802 795.032 791.953 793.196 796.06 796.359 790.546 782.236 773.309 765.807 757.804 753.593 751.353 749.543 749.568 749.788 748.848 747.331 747.684 749.994 752.741 755.173 759.707 766.354 768.751 769.527 771.814 776.06 780.691 786.262 794.691 804.029 807.74 799.418 789.009 783.927 784.391 785.949 789.376 793.344 794.874 794.078 793.384 791.781 788.166 788.177 785.481 785.801 794.045 807.636 822.342 835.087 844.926 853.832 860.668 866.255 878.821 898.01 909.125 891.356 858.865 842.612 853.985 875.682
809.823 811.506 809.281 804.306 798.946 792.911 788.757 789.599 793.848 792.813 786.456 778.74 769.801 761.74 756.243 752.255 748.634 746.543 746.082 744.889 743.965 744.981 747.997 752.37 755.502 758.174 762.461 765.075 764.637 765.769 770.167 773.521 778.357 785.72 793.054 800.58 800.339 792.548 783.58 780.394 781.211 783.445 787.164 789.179 788.299 787.712 786.331 783.728 781.583 779.921 787.792 801.999 816.198 830.388 846.075 862.52 878.343 884.107 886.923 891.738 904.239 910.648 889.594 856.902 831.598 827.815 846.007
821.553 818.912 814.094 807.416 800.416 792.93 784.854 781.804 782.514 782.592 779.077 773.538 766.219 761.535 756.217 753.056 749.782 746.224 744.767 743.281 741.543 743.511 747.631 751.556 752.419 752.798 755.341 758.341 759.018 760.211 764.577 768.416 771.858 776.767 783.603 793.887 800.72 797.463 786.996 777.769 776.082 777.697 779.886 782.413 783.018 782.564 780.327 779.195 778.375 776.583 788.244 805.157 820.73 837.516 855.659 870.659 877.841 876.115 877.326 876.929 888.1 901.787 894.113 870.754 840.048 817.312 819.611
828.748 820.4 812.422 805.286 800.715 795.356 786.949 780.609 776 772.949 770.476 767.39 764.308 763.095 759.952 757.515 755.631 751.044 746.877 744.047 740.634 741.836 744.066 746.445 747.018 748.022 749.729 751.063 752.104 754.561 758.682 762.754 766.416 769.372 775.486 784.966 791.871 792.591 787.973 778.576 771.574 771.135 773.075 775.445 777.179 777.122 776.037 774.848 774.154 772.403 780.03 794.768 808.792 826.212 845.414 856.441 848.123 839.255 840.767 836.016 851.1 869.741 872.801 872.324 858.173 829.821 808.802
830.412 818.97 809.409 802.542 797.334 792.68 786.888 780.542 774.955 772.649 772.656 772.045 770.105 771.177 770.329 767.609 765.77 761.035 753.681 747.41 742.094 740.06 740.158 740.905 741.388 743.107 744.769 745.536 746.464 749.934 753.934 758.42 761.552 764.183 769.095 775.18 779.912 784.766 786.274 779.971 771.813 766.473 765.681 767.823 770.413 771.842 772.05 770.889 769.817 767.993 770.152 780.613 791.65 804.159 818.19 825.355 818.182 809.019 808.781 803.603 817.969 828.836 833.704 851.908 865.78 850.344 819.436
832.876 822.112 809.804 802.649 795.826 789.501 785.602 781.517 780.539 780.976 783.212 782.698 780.019 779.531 778.716 777.527 775.663 772.164 765.05 756.596 747.71 740.745 738.133 736.848 736.64 738.287 739.801 741.359 742.949 746.038 748.962 753.577 756.107 759.902 767.187 772.707 776.884 781.897 782.038 776.592 771.153 765.586 761.971 761.937 765.006 767.287 766.668 766.608 765.817 764.965 764.186 769.856 777.877 785.622 793.114 796.267 794.972 789.628 786.131 784.408 791.01 797.866 808.82 830.725 856.529 864.197 841.372
833.409 825.529 815.715 807.502 800.366 794.337 792.783 792.143 793.528 793.216 793.121 789.54 784.842 782.839 780.309 777.877 776.785 774.17 769.819 764.018 755.835 746.899 740.896 736.36 734.133 734.495 736.435 737.981 739.877 742.7 743.905 748.167 752.64 758.985 768.415 776.726 783.367 786.326 781.334 774.268 769.706 764.734 761.012 758.129 759.477 762.003 762.271 762.568 761.331 760.564 759.299 761.71 767.559 773.145 775.788 776.974 776.179 773.162 770.872 771.334 774.466 781.054 792.105 812.317 840.377 864.08 858.003
825.336 819.361 818.09 813.018 807.157 802.013 800.496 799.24 798.366 797.555 793.334 788.005 782.595 777.902 773.321 770.188 769.69 768.191 765.886 762.652 757.743 750.866 744.312 738.239 733.738 731.543 732.729 734.845 737.363 738.833 740.508 744.937 750.275 757.818 766.493 777.256 785.332 789.407 783.56 775.106 769.81 763.088 757.892 754.728 754.082 756.035 758.741 759.23 757.097 756.302 755.407 755.419 759.429 763.426 763.614 764.82 763.453 761.116 762.148 762.798 765.192 768.688 778.685 796.377 821.867 846.415 849.796
811.549 807.8 816.148 819.564 814.811 807.659 800.826 796.198 791.384 790.51 785.232 779.497 775.365 770.383 765.829 762.432 761.384 759.971 758.529 755.81 753.444 749.081 744.261 738.469 733.779 730.53 730.338 732.88 734.423 734.64 736.625 740.682 745.092 752.944 760.562 769.323 775.713 782.315 782.604 777.428 771.271 764.078 756.372 752.381 750.997 752.953 755.246 754.668 753.447 753.23 752.407 751.407 752.581 753.883 753.277 754.261 754.321 752.633 753.779 755.072 757.899 760.593 770.298 786.765 808.176 820.5 826.039
798.947 801.958 816.324 825.578 819.242 808.721 798.585 790.759 783.696 779.545 775.437 771.207 767.504 764.548 760.27 756.652 754.255 752.709 750.179 748.191 747.533 744.652 741.728 737.747 733.706 731.015 729.618 730.423 731.126 730.744 731.801 734.858 738.268 745.31 751.969 757.407 763.419 771.098 777.41 779.539 774.977 768.186 759.053 751.151 748.511 750.7 751.568 749.993 750.126 749.744 748.817 747.817 748.126 747.258 746.227 745.902 746.694 746.195 746.388 748.107 750.297 753.161 763.382 779.797 793.847 793.475 798.655
791.774 804.427 820.157 825.017 813.973 801.143 792.143 784.251 777.592 772.491 768.198 764.504 761.062 758.327 755.21 751.684 748.58 747.227 744.242 742.817 742.154 739.58 737.403 735.066 731.346 729.479 728.069 728.792 729.823 728.691 729.233 730.423 732.139 737.253 742.249 747.366 754.044 762.354 769.486 773.836 775.251 770.617 760.87 750.765 745.896 746.729 747.536 746.479 746.568 745.817 744.817 743.817 744.949 744.069 742.511 741.892 741.186 740.564 740.946 742.697 744.359 745.653 754.632 767.594 774.129 768.77 773.681
790.496 806.368 819.819 823.804 809.061 794.143 784.418 776.62 770.825 767.548 762.933 757.785 753.914 751.296 749.709 746.652 743.58 741.255 739.371 738.227 737.227 735.551 734.069 732.173 729.498 727.691 726.587 727.571 728.643 727.659 727.262 726.258 726.874 730.196 734.164 740.297 746.739 752.852 758.861 760.933 766.239 765.156 759.033 751.043 744.015 741.214 742.665 743.684 742.848 741.817 740.331 740.198 741.391 740.331 740.346 739.924 736.716 735.712 736.464 736.83 738.031 738.28 742.291 749.779 753.185 749.452 753.691
787.064 800.102 813.026 818.912 805.164 790.184 780.863 771.365 765.523 763.965 762.132 760.23 758.063 755.537 751.827 748.659 745.174 741.584 738.669 739.786 738.821 736.745 734.565 732.533 731.019 728.151 725.309 725.158 726.539 725.997 725.482 723.277 723.643 725.805 727.581 732.177 737.555 741.318 745.404 748.579 752.921 753.403 751.98 747.869 742.406 737.63 737.833 739.697 738.889 737.817 735.993 736.949 738.539 736.687 736.905 736.227 733.39 732.82 732.672 731.817 731.492 731.46 731.65 734.688 737.463 737.879 739.558
786.354 798.241 809.945 814.322 805.531 792.497 784.366 778.444 774.78 773.238 773.03 773.367 770.673 766.152 760.369 755.868 751.836 747.35 746.161 749.859 749.994 747.865 743.026 738.49 735.439 730.199 725.4 723.618 723.599 723.788 723.82 721.835 721.262 722.391 722.64 725.448 728.71 731.265 734.161 738.808 741.189 742.482 742.204 740.602 737.958 734.8 733.744 734.801 735.684 735.482 733.763 733.114 734.697 733.551 732.744 731.817 730.479 729.744 728.817 728.302 727.407 726.258 725.712 726.315 727.959 729.441 730.662
789.857 801.756 812.005 816.388 808.419 796.857 792.406 791.71 789.537 787.919 787.67 785.726 777.792 770.753 764.649 759.473 754.81 752.312 756.512 761.607 763.461 761.051 755.211 748.167 742.148 734.88 728.451 724.255 722.767 722.442 721.438 721.041 720.662 720.442 719.924 720.833 722.211 723.621 726.341 730.502 733.075 734.621 735.018 734.227 732.889 731.479 731.378 731.748 732.495 732.64 731.479 730.069 730.981 730.407 728.921 727.817 726.817 725.817 725.302 724.258 723.227 722.375 721.744 721.154 720.902 721.694 722.06
789.999 801.774 812.055 813.713 803.323 793.014 796.138 799.947 797.098 794.565 791.265 785.403 777.314 770.542 764.955 760.369 756.93 759.275 766.973 772.121 775.518 771.328 764.883 757.618 750.06 743.104 735.164 728.631 724.287 721.795 720.735 720.928 720.514 719.101 718.482 718.41 719.233 719.262 721.215 723.477 726.341 728.179 729.284 728.151 727.047 727.504 728.464 729.126 728.744 728.154 727.227 725.741 726.769 727.198 725.583 723.921 722.817 722.302 722.23 721.069 719.511 718.744 717.817 716.817 716.302 716.568 716.788
787.566 800.187 805.786 799.667 788.953 783.446 791.896 799.931 797.113 792.302 786.034 779.74 774.185 769.261 765.264 763.239 762.275 769.014 779.358 783.582 783.487 778.567 770.804 764.081 758.305 752.855 744.489 736.65 728.912 722.64 719.161 720.583 720.662 719.429 718.694 718.104 718.338 718.558 719.751 720.338 721.423 722.315 724.255 723.965 722.997 723.981 725.054 726.539 725.997 725.968 724.691 722.763 723.085 723.568 721.993 719.507 719.198 718.744 718.64 717.817 716.479 714.921 713.331 712.227 712.536 712.64 712.978
779.9 790.092 790.027 782.158 775.727 777.753 788.777 797.925 798.208 793.009 787.157 781.527 776.908 773.322 771.221 771.386 769.061 772.888 780.301 781.88 779.598 775.955 769.326 763.595 761.29 758.826 752.406 745.514 737.384 729.312 721.839 720.433 719.924 720.94 719.871 718.767 717.133 717.643 718.158 718.23 719.688 719.514 721.395 722.306 721.587 721.748 722.158 722.905 722.712 722.978 722.375 721.069 719.848 719.64 719.451 716.454 715.186 714.712 714.154 713.712 712.817 711.479 710.069 708.997 709.158 708.258 708.05
769.567 775.672 772.961 769.301 771.078 780.269 791.377 796.061 796.492 793.948 791.722 788.848 785.016 781.354 778.925 777.42 773.548 771.988 773.022 771.485 768.482 765.45 761.437 757.545 755.898 755.838 752.387 749.128 744.917 738.514 730.384 724 720.183 720.603 720.145 719.177 718.959 718.316 718.18 717.694 719.089 718.101 718.495 718.978 719.684 718.848 719.126 718.744 718.64 719.612 719.82 717.053 715.299 716.022 716.082 713.728 712.069 710.848 709.817 709.64 709.302 709.378 708.101 706.511 705.744 704.479 703.744
759.827 763.804 762.336 765.419 774.373 783.92 789.938 789.413 788.277 787.277 787.586 788.81 787.214 783.526 780.35 775.892 770.299 767.781 767.122 766.523 761.173 756.608 754.371 752.066 749.507 747.93 745.706 744.457 744.091 742.51 738.507 732.104 725.811 721.805 720.694 718.795 720.057 719.735 718.618 717.101 716.186 715.375 715.23 715.23 717.363 716.659 716.262 716.378 716.41 716.599 716.64 713.009 711.892 712.495 712.302 711.069 709.997 708.659 707.101 706.334 706.23 707.054 706.069 704.173 702.511 701.892 700.997
753.117 755.268 758.447 767.045 776.708 783.688 782.58 780.116 778.381 778.248 779.104 778.836 777.917 777.361 774.81 771.768 765.952 762.539 760.107 760.514 757.989 753.779 751.691 749.277 746.35 741.406 738.813 737.637 737.798 739.665 739.375 736.233 730.797 725.315 722.079 719.605 718.884 718.334 715.612 713.889 712.965 712.82 712.82 712.82 713.833 714.198 714.378 713.776 713.64 712.331 712.536 711.29 710.028 709.82 709.82 709.482 708.101 706.511 705.069 703.511 702.744 703.464 703.302 701.583 700.555 699.438 697.921
751.93 750.145 757.42 769.516 774.957 779.123 774.929 772.709 770.327 771.179 772.284 770.476 769.712 773.716 774.549 772.259 767.315 762.58 756.047 753.7 751.517 750.721 750.451 748.425 745.044 739.617 735 732.435 731.564 733.445 734.356 734.757 733.132 729.138 724.58 719.208 715.612 713.741 712.595 711.101 710.82 710.82 710.82 710.82 710.82 711.158 711.082 710.375 710.716 709.173 709.643 708.848 707.479 707.23 706.744 706.64 705.479 704.069 702.511 700.583 699.892 699.672 699.154 698.861 697.848 696.479 695.069
753.176 747.766 756.364 767.024 770.179 770.987 766.645 765.353 763.781 765.107 765.798 766.652 769.249 775.048 776.855 774.192 769.473 763.987 757.046 751.842 746.249 743.476 743.924 744.397 742.624 739.57 733.088 728.378 726.817 726.83 727.694 728.545 729.662 729.005 726.16 719.002 714.296 710.971 710.748 710.145 710 709.514 708.438 708.23 708.23 708.23 707.892 707.334 708.054 706.583 706.082 704.889 703.817 703.64 703.302 703.23 702.892 702.968 701.839 699.457 698.514 697.587 695.615 695.568 693.993 693.302 692.407
752.63 747.027 750.537 757.126 760.463 761.068 758.44 758.356 757.637 758.621 761.299 766.234 768.382 772.123 772.384 769.81 765.163 760.797 756.567 751.365 744.16 738.703 736.7 737.135 737.914 737.861 733.661 729.138 725.593 723.205 721.7 720.488 721.441 722.514 722.015 717.712 713.04 709.908 708.438 707.744 708.126 707.407 706.555 706.41 705.924 706.306 705.924 704.997 704.186 703.861 702.511 701.892 700.997 700.82 700.82 701.306 701.41 701.262 699.921 698.627 697.587 696.101 693.835 692.438 690.097 689.64 689.302
753.548 747.681 744.013 746.458 750.056 752.485 752.195 752.388 751.637 753.741 759.319 765.688 764.053 765.445 765.047 760.942 756.469 752.734 749.63 746.926 741.816 736.703 733.835 732.924 733.495 734.464 733.141 730.984 727.444 722.842 719.044 716.763 715.29 715.388 714.488 712.781 709.314 707.479 706.069 705.482 705.262 704.892 704.82 705.306 704.587 704.262 703.407 701.921 700.479 701.054 700.069 699.82 699.968 699.514 698.438 698.082 699.022 697.921 696.479 696.23 694.921 693.965 692.659 691.249 689.015 688.59 687.618
752.832 747.437 742.441 741.779 744.628 746.243 746.946 748.022 749.836 753.474 758.973 762.512 758.933 757.754 756.381 752.617 748.09 744.958 742.476 741.712 738.346 734.009 731.097 729.817 729.154 729.388 729.122 729.198 727.245 724.308 719.99 716.076 712.94 710.953 708.507 707.227 705.551 704.407 704.378 703.924 703.482 702.924 702.82 703.158 702.407 701.892 701.482 699.763 698.101 698.643 697.997 697.82 698.158 697.407 696.555 695.101 695.981 695.555 694.101 693.82 693.145 692.514 691.101 690.482 689.249 688.028 687.145
751.321 747.369 742.81 740.691 740.937 741.536 742.464 745.259 749.6 755.161 758.84 760.719 758.826 756.227 753.151 748.662 743.703 741.173 739.659 736.981 733.652 730.242 728.141 726.025 724.331 723.564 723.946 723.902 723.195 722.227 717.933 714.39 710.378 708.141 705.35 703.997 702.511 701.407 702.054 701.407 701.716 701.482 700.924 700.82 699.997 699.334 699.23 698.555 697.249 696.852 696.482 695.924 696.306 695.587 694.924 693.659 693.748 692.848 691.965 691.82 691.82 690.511 689.555 689.41 688.101 686.659 685.924
751.767 749.754 745.728 741.36 736.852 736.874 739.817 743.218 746.966 752.433 755.593 759.155 760.94 759.681 757.523 750.732 744.757 741.637 739.385 734.883 731.044 727.454 725.511 723.245 721.173 719.025 718.492 717.637 716.974 715.561 712.135 709.813 706.314 704.817 703.141 701.997 701.145 699.691 699.262 699.378 699.748 699.82 699.482 698.924 697.997 697.482 697.41 696.924 695.997 694.997 695.306 694.587 694.748 693.997 692.511 692.378 692.896 691.839 691.59 690.618 689.438 688.555 688.41 688.41 686.763 685.587 685.072
752.662 751.767 748.296 743.621 737.492 734.268 737.452 741.672 745.852 750.707 754.546 757.84 759.423 760.274 758.615 752.762 746.649 742.634 738.558 733.703 730.012 726.116 722.791 720.097 718.479 715.76 713.921 712.331 710.741 709.785 706.684 704.889 703.141 702.482 701.101 699.511 699.23 698.069 697.482 697.748 698.306 698.896 698.514 697.587 697.072 697 697 696.662 695.281 694.177 694.338 693.587 693.41 692.587 691.249 691.338 691.748 690.997 690.334 689.069 687.659 686.438 686.23 686.716 686.145 685.177 684.514
