DrawDem/Data/1.asc
ncols         133
nrows         133
xllcorner     118.859852887
yllcorner     42.8336750193
cellsize      0.00083333333333333
nodata_value  -9999.0
[rows 60 to 89 of 133, columns 0 to 66 of 133]
773.404 772.383 774.789 774.824 775.057 776.291 777.701 779.407 779.868 778.59 774.192 771.177 771.099 774.367 777.858 780.445 784.798 787.773 791.228 795.164 798.678 804.41 808.656 813.258 816.719 820.574 824.047 825.464 829.675 831.808 831.446 833.525 838.414 842.654 844.29 843.666 843.869 851.971 861.332 869.665 881.237 892.806 905.105 915.231 922.883 942.169 958.654 962.242 955.505 941.059 916.639 895.91 890.303 896.931 900.921 907.808 920.724 911.021 887.634 865.401 845.458 838.155 841.382 853.038 869.58 872.738 857.518
781.703 776.612 781.831 784.735 785.566 786.007 784.474 787.086 789.029 789.12 784.962 779.666 775.615 773.83 775.575 778.133 781.102 783.139 786.079 789.448 793.006 796.786 799.445 804.325 807.117 809.832 813.962 816.05 823.256 829.492 830.807 832.962 837.717 842.906 847.6 851.473 853.398 855.992 860.459 865.024 872.68 885.152 903.938 922.917 937.972 957.593 963.664 949.144 934.96 924.376 908.529 897.111 886.104 880.243 874.593 876.303 889.811 894.59 885.46 871.61 854.068 838.728 831.757 830.458 835.593 838.209 838.662
785.728 783.612 790.415 795.679 796.827 796.9 793.12 794.146 797.644 798.162 794.498 788.441 782.221 776.23 777.313 781.698 784.335 786.515 788.25 789.553 794.035 799.364 804.872 808.995 810.979 812.421 813.534 814.395 817.727 822.231 824.211 827.606 831.088 835.174 841.495 850.398 857.773 863.562 867.834 869.512 871.704 880.109 896.535 916.159 937.131 962.387 973.126 957.591 942.896 927.426 914.4 913.963 904.944 891.483 876.719 866.117 863.118 867.337 875.061 879.301 868.816 851.131 838.009 828.192 821.048 816.321 822.823
789.194 794.307 804.201 809.661 810.44 808.496 804.934 803.626 806.635 807.458 804.682 797.196 789.956 781.646 779.199 783.941 790.871 796.058 798.357 797.212 796.982 804.222 815.273 821.724 826.746 828.929 827.414 824.6 823.932 828.313 831.541 834.5 835.071 833.178 834.985 843.061 852.587 858.925 865.157 870.356 874.334 880.427 893.942 914.031 938.315 967.572 987.343 987.277 976.569 953.092 943.496 948.48 937.806 916.53 894.148 874.457 857.649 850.439 856.37 872.095 871.436 855.48 839.73 827.992 815.683 807.358 807.294
795.88 809.226 822.577 826.15 822.553 818.426 813.306 810.227 809.811 810.158 808.245 801.529 795.873 789.968 782.691 783.386 793.512 801.502 806.698 807.013 803.12 804.229 815.683 826.243 837.165 842.72 844.42 840.016 836.749 841.052 847.317 850.424 848.231 841.271 837.133 839.727 845.73 852.107 860.789 870.603 880.364 886.872 896.365 912.895 936.34 962.331 987.326 1005.862 1004.996 984.314 981.327 987.067 970.839 942.784 913.73 886.131 864.841 850.308 842.647 852.001 858.623 849.11 833.209 820.736 811.872 808.047 807.013
808.724 820.284 829.282 828.697 822.178 817.576 813.049 810.245 808.173 805.877 803.813 800.463 797.984 795.268 786.049 783.208 791.762 801.199 810.19 814.051 813.337 809.152 812.213 822.446 836.474 848.363 858.998 855.423 851.937 855.071 861.466 863.831 860.786 851.211 845.678 846.695 848.43 849.478 856.903 868.828 880.298 890.284 901.651 914.614 930.06 949.867 976.081 1003.936 1020.382 1013.668 1015.965 1010.308 986.708 955.113 923.833 897.205 875.229 854.765 839.017 836.83 838.987 834.934 824.83 818.818 815.29 817.635 821.026
828.77 832.359 832.181 826.713 820.312 814.914 813.473 813.17 811.483 806.864 802.36 798.486 796.025 793.507 786.907 783.943 789.058 796.521 806.928 816.536 821.918 820.208 816.903 819.538 830.639 843.279 857.862 863.005 867.723 875.314 881.204 878.61 871.641 859.457 858.208 860.91 859.01 855.196 856.219 863.894 875.638 887.553 900.049 914.105 931.042 953.176 979.979 1011.011 1037.988 1043.796 1033.454 1006.007 976.73 947.351 920.024 898.621 875.476 851.517 838.963 836.315 835.455 833.811 830.64 828.086 824.565 831.27 837.453
836.788 841.53 840.366 833.312 824.53 818.495 819.821 823.562 821.155 815.063 807.987 801.145 796.022 792.224 788.444 786.609 790.477 794.357 800.172 811.499 822.369 826.322 827.025 826.742 829.412 834.2 843.08 857.398 873.193 887.973 900.487 894.574 880.728 868.545 876.437 879.097 873.149 866.612 862.385 863.26 872.204 884.08 897.717 914.813 937.038 964.969 997.023 1031.917 1059.759 1063.986 1037.146 997.986 959.652 929.279 903.466 882.403 864.084 848.93 846.277 851.456 850.14 848.796 845.853 840.023 837.212 852.709 860.078
831.832 842.405 844.558 838.002 828.989 825.186 829.471 838.345 837.37 827.635 814.71 804.801 798.725 794.476 794.214 794.944 794.825 799.332 800.837 805.973 814.84 820.142 826.643 832.243 835.42 836.723 839.411 851.709 868.756 889.756 913.419 910.069 891.188 881.198 895.306 900.711 893.262 880.123 871.123 871.326 874.371 882.74 897.585 915.57 937.126 967.063 1002.285 1042.023 1064.908 1064.163 1043.014 1008.794 967.129 930.007 897.401 874.477 860.551 858.574 863.371 870.195 871.209 867.421 862.016 855.899 849.941 866.571 879.969
829.752 841.809 847.738 840.98 833.258 832.098 838.866 849.706 847.158 831.251 813.565 803.683 800.056 799.697 802.676 803.985 800.836 804.774 809.319 813.184 817.185 817.793 821.294 828.49 837.726 844.12 850.326 857.097 867.599 886.776 915.312 922.311 908.588 899.657 915.83 924.173 911.581 891.904 881.533 884.831 884.878 885.09 898.355 921.346 944.42 967.989 1000.367 1036.961 1052.461 1042.976 1025.412 998.397 965.517 931.48 899.702 880.774 874.82 881.044 888.284 894.608 899.627 895.677 884.364 872.698 861.949 870.867 892.523
828.361 840.112 850.423 846.374 840.337 839.647 843.73 843.932 835.745 821.1 808.852 804.457 805.07 807.78 810.632 810.158 806.17 807.682 817.197 825.676 829.698 829.247 827.424 826.528 831.433 841.379 854.43 868.373 881.324 894.505 917.519 939.078 937.874 927.326 939.033 942.548 920.033 901.436 898.07 903.258 900.799 893.821 898.864 921.681 945.072 965.38 988.271 1022.034 1041.77 1030.114 1007.616 980.107 951.557 928.122 908.896 900.744 906.69 916.91 921.143 924.984 932.583 928.97 908.05 889.652 877.076 880.497 903.755
829.974 841.623 855.775 853.707 850.546 853.966 853.531 839.047 826.942 817.548 814.558 816.689 818.708 817.613 817.985 815.997 810.937 812.083 823.731 834.85 841.957 843.566 839.404 833.063 833.061 837.847 850.538 868.885 892.257 911.576 937.922 965.302 973.172 958.414 957.07 952.104 931.886 923.896 922.952 924.469 918.887 906.956 901.944 912.378 928.97 945.912 964.833 995.656 1023.048 1022.744 1003.681 979.003 959.89 954.41 944.027 939.142 952.169 961.232 960.12 958.331 968.237 961.254 932.494 909.498 893.489 893.024 911.499
841.786 853.662 865.804 860.53 859.584 867.279 860.262 841.414 829.683 827.044 830.926 833.002 831.654 827.678 824.956 822.069 816.113 816.449 825.869 837.85 847.559 853.404 850.826 845.287 845.083 843.168 852.453 865.476 887.18 914.008 945.073 977.93 1002.166 996.738 983.81 970.657 957.741 957.264 957.122 953.757 941.613 929.237 921.345 920.192 925.422 939.04 957.069 981.177 1003.691 1015.185 1012.348 996.674 981.398 987.965 986.364 982.939 998.986 1007.638 1004.612 998.978 1004.629 992.587 958.449 930.866 911.905 913.995 927.354
852.926 859.977 864.269 854.891 855.359 862.212 849.751 833.088 829.541 839.168 850.425 851.566 842.752 832.748 826.734 824.321 817.264 816.643 822.774 833.298 844.486 855.477 863.199 864.695 861.2 851.95 857.73 870.51 890.003 914.001 941.458 976.73 1012.833 1026.088 1024.069 1005.771 991.345 989.1 987.504 977.846 964.428 958.603 948.714 947.828 951.312 954.496 966.114 989.521 1012.401 1030.635 1033.592 1017.331 998.541 1006.302 1016.295 1021.627 1042.627 1053.209 1048.974 1041.529 1035.224 1013.021 980.409 951.67 932.949 941.129 957.288
845.391 848.643 848.409 836.524 838.772 845.217 832.53 821.095 828.256 848.403 863.838 860.142 845.011 831.007 822.242 819.075 813.222 815.303 827.742 840.923 853.577 864.075 878.35 890.153 883.092 868.659 875.482 893.124 907.784 918.272 931.694 958.501 994.031 1019.388 1034.687 1030.117 1008.494 986.987 976.12 964.658 961.246 975.059 982.098 985.133 989.082 986.832 987.96 1006.052 1034.175 1055.035 1056.405 1038.983 1021.151 1027.357 1039.262 1051.716 1067.904 1066.799 1056.418 1051.193 1045.635 1026.836 1002.212 979.065 962.855 969.528 988.474
828.307 838.479 837.716 822.755 823.511 826.694 817.426 817.339 830.608 853.461 868.327 859.737 839.673 824.193 814.765 809.838 806.44 812.268 827.68 840.127 853.341 868.158 885.453 906.138 906.968 895.593 901.417 913.165 910.724 900.699 903.702 928.748 965.965 988.758 998.586 1009.233 999.297 969.228 942.761 930.602 941.803 972.327 992.131 992.037 991.908 1002.519 1012.164 1017.546 1032.565 1050.771 1061.604 1056.815 1047.608 1054.164 1064.164 1069.536 1064.456 1047.3 1028.476 1021.918 1023.312 1023.069 1017.435 1006.444 995.24 995.019 1010.739
816.324 831.336 835.431 820.916 810.524 808.485 808.742 819.146 836.479 857.54 870.756 860.27 839.77 825.055 815.16 805.05 800.612 806.975 816.925 825.666 839.651 858.8 880.891 905.457 921.085 916.861 920.232 913.569 889.852 869.137 875.51 902.99 939.278 954.504 950.035 958.793 965.778 948.381 919.833 906.178 925.263 955.35 964.785 959.867 958.779 983.095 1012.354 1009.844 1011.05 1029.398 1044.77 1045.307 1045.632 1058.883 1074.783 1078.035 1062.97 1041.266 1015.793 996.037 986.22 986.878 994.502 994.649 990.826 994.254 1007.692
807.674 820.983 828.523 817.455 802.815 797.463 806.521 821.914 838.324 857.214 869.212 858.361 841.6 827.251 814.642 800.446 795.548 801.638 811.729 824.064 838.999 858.189 885.221 909.389 919.123 907.616 910.951 899.182 867.559 845.735 854.584 881.419 911.545 922.993 912.138 911.598 919.979 913.702 896.559 890.022 913.507 932.665 923.96 918.602 927.073 958.476 996.23 998.581 989.719 1000.496 1010.137 1011.738 1020.736 1038.644 1053.682 1063.014 1070.063 1058.973 1030.516 1003.232 977.769 957.574 951.451 948.621 952.176 964.676 972.869
800.463 809.307 813.356 805.029 796.818 795.715 808.122 820.882 833.121 850.926 860.086 847.035 831.133 820.887 812.61 798.828 792.104 796.36 807.194 821.484 837.91 859.283 880.984 899.506 901.162 881.267 877.194 868.459 844.561 832.454 845.799 870.451 896.798 903.824 891.155 880.853 881.952 880.019 874.606 881.671 905.051 911.609 893.904 900.857 925.29 960.012 993.211 995.063 973.915 972.113 982.945 993.451 1002.724 1006.859 1010.777 1031.099 1063.809 1072.86 1056.032 1027.964 998.68 966.049 939.886 917.968 912.381 923.075 926.612
797.813 796.048 797.914 792.862 789.854 798.098 812.302 827.705 839.012 844.35 841.444 828.901 816.12 810.289 807.674 799.301 790.368 790.994 799.061 813.19 832.636 849.192 858.492 878.558 889.996 871.003 853.876 839.853 823.539 822.8 840.573 865.501 892.432 900.145 886.623 869.147 859.249 857.453 862.387 880.036 896.7 893.639 879.122 899.106 933.603 967.651 989.36 982.752 958.822 952.355 975.2 987.674 980.28 968.362 969.136 998.541 1034.438 1054.431 1053.447 1035.49 1006.334 972.049 940.491 912.586 893.705 889.06 888.077
800.993 790.861 786.464 784.718 788.495 803.169 817.996 832.637 836.177 829.01 822.745 814.14 803.79 799.598 798.763 797.636 790.147 786.013 791.076 805.456 823.481 830.117 837.683 863.179 883.449 873.391 850.48 829.752 813.73 815.505 834.239 856.397 882.416 895.978 883.534 863.505 847.856 847.224 855.727 868.627 875.706 869.934 870.745 898.701 933.938 958.808 957.463 943.483 936.029 944.696 973.5 987.234 966.461 942.001 936.416 957.358 984.375 1009.21 1017.725 1012.298 991.054 960.884 931.112 911.987 901.572 889.95 875.95
802.021 793.62 783.419 779.984 786.565 798.986 811.887 821.265 818.187 807.657 807.364 805.525 795.992 791.432 791.356 793.107 789.787 782.116 783.638 795.026 807.591 809.79 822.101 842.643 862.95 865.048 845.274 823.47 808.458 811.625 829.965 851.229 876.41 892.043 879.925 857.584 840.622 840.192 846.644 849.798 849.418 849.802 863.54 891.881 924.356 936.524 916.563 907.56 925.492 951.057 982.317 995.82 972.448 939.947 913.791 913.079 934.11 960.536 981.575 984.206 971.141 950.33 937.154 937.909 935.584 919.882 897.224
795.173 790.793 782.904 776.659 779.799 788.925 799.6 805.817 804.229 793.323 793.76 799.526 793.525 786.277 784.416 788.356 789.526 781.355 777.35 783.985 792.287 797.627 812.459 829.607 844.737 846.252 830.819 811.239 800.288 807.221 825.034 846.914 872.28 885.632 873.174 851.457 834.771 831.754 836.145 835.305 834.879 842.726 859.084 881.4 905.545 907.115 887.657 895.46 925.512 956.262 988.13 992.297 967.266 936.55 901.604 881.932 896.742 924.37 955.938 976.037 982.176 972.231 969.325 976.345 968.566 945.538 924.181
784.024 781.598 777.617 772.563 772.653 781.105 788.19 793.11 794.554 785.443 783.164 792.792 792.992 786.636 779.341 783.814 788.64 781.175 773.983 777.127 783.329 791.534 806.077 819.32 826.246 822.162 810.81 798.309 794.223 802.73 818.343 837.453 861.845 873.741 861.331 843.953 829.49 824.432 826.53 826.087 830.432 845.178 860.185 877.296 891.683 882.02 867.037 889.636 926.111 952.467 971.529 962.779 939.889 913.445 882.319 861.27 873.616 899.583 930.823 957.446 979.003 989.001 999.401 1009.343 998.707 975.917 954.833
775.637 773.813 771.476 769.7 769.41 773.272 776.908 779.684 781.311 776.727 775.501 783.736 786.82 784.103 775.374 778.433 785.373 778.891 770.98 772.448 778.477 783.651 792.976 800.258 804.049 801.761 794.373 788.762 791.609 799.187 811.535 828.207 849.438 860.256 850.171 836.31 825.108 819.45 818.83 820.328 830.629 849.725 866.494 879.57 878.831 861.245 856.136 882.55 908.439 922.577 935.007 920.604 903.149 886.534 861.336 846.638 858.213 878.336 899.437 922.596 950.896 976.427 999.689 1020.275 1017.298 995.354 970.405
774.946 773.609 769.284 766.953 766.64 766.492 767.959 768.618 770 769.753 769.492 774.105 776.261 776.321 771.298 772.89 778.59 775.68 769.204 767.555 770.795 774.615 781.044 784.94 788.318 789.068 784.793 783.343 789.48 799.013 809.68 822.188 838.014 843.621 835.776 824.723 817.758 814.516 813.227 816.492 827.639 845.22 861.875 870.546 861.571 845.003 848.804 869.64 874.779 881.241 896.876 886.535 869.217 856.914 840.184 835.587 847.632 865.103 881.118 903.147 931.054 956.292 979.254 1005.295 1021.153 1007.622 981.49
784.367 781.875 775.24 770.458 767.776 765.079 763.956 763.334 764.391 764.978 764.227 766.372 767.208 768.104 766.444 767.211 771.577 772.271 768.747 764.558 763.524 768.063 774.814 778.183 779.167 779.132 777.75 779.255 788.657 801.443 814.434 825.926 837.485 835.653 824.494 814.046 809.958 808.637 808.122 812.653 820.269 831.317 842.332 847.882 843.151 833.019 839.821 852.964 848.159 849.797 865.155 864.883 848.167 831.944 822.868 828.691 842.096 858.005 871.616 889.945 910.418 932.673 959.297 989.636 1010.829 1008.016 990.921
799.117 791.007 783.924 779.574 774.634 769.94 766.025 763.079 762.442 761.924 760.997 760.524 760.46 760.798 761.018 762.845 765.404 767.179 766.933 763.674 760.381 763.303 769.814 774.492 772.949 772.608 772.154 774.521 784.298 795.38 808.225 823.357 837.736 835.1 820.191 809.481 803.744 803.018 803.536 805.666 810.069 816.536 822.871 825.807 825.188 823.241 831.928 839.676 832.686 829.315 838.111 838.803 826.286 818.069 819.406 829.346 840.459 854.276 869.279 888.378 909.785 933.531 959.292 973.584 979.754 979.132 974.422
808.293 796.964 788.552 783.738 779.031 774.063 769.548 766.934 766.202 763.849 761.079 758.457 755.571 756.508 756.186 759.006 760.464 761.801 763.359 762.141 759.498 759.527 764.433 770.063 769.214 768.672 769.76 772.956 781.825 789.544 799.73 814.033 830.203 831.898 817.789 805.951 798.772 797.978 798.388 797.974 801.164 806.811 811.987 814.179 813.974 815.031 819.966 823.144 819.262 816.008 815.93 812.241 807.379 811.706 822.809 835.951 846.693 860.504 877.902 899.682 926.2 953.074 964.742 949.671 936.215 941.041 952.733
808.907 798.734 789.103 782.807 779.012 775.75 775.773 776.534 776.184 771.328 765.073 760.994 755.271 755.193 753.277 754.171 755.284 755.798 757.031 757.914 757.375 754.949 758.577 763.915 765.018 763.255 766.798 773.363 780.881 786.199 794.313 802.689 815.383 818.614 810.473 800.752 794.109 792.564 792.46 792.608 794.477 798.839 804.293 806.927 807.428 806.34 806.29 807.154 808.112 806.633 800.557 798.128 801.757 809.367 820.743 834.736 848.767 862.125 877.825 896.229 919.554 945.926 946.436 915.779 897.642 913.788 938.97
